0.03125 3.0517578125E-05 0.705
0.03125 0.0001220703125 0.75
0.03125 0.00048828125 0.813333333333333
0.03125 0.001953125 0.881666666666667
0.03125 0.0078125 0.886666666666667
0.03125 0.03125 0.638333333333333
0.03125 0.125 0.513333333333333
0.03125 0.5 0.471666666666667
0.03125 2 0.618333333333333
0.03125 8 0.375
0.125 3.0517578125E-05 0.73
0.125 0.0001220703125 0.753333333333333
0.125 0.00048828125 0.793333333333333
0.125 0.001953125 0.856666666666667
0.125 0.0078125 0.903333333333333
0.125 0.03125 0.62
0.125 0.125 0.53
0.125 0.5 0.471666666666667
0.125 2 0.611666666666667
0.125 8 0.371666666666667
0.5 3.0517578125E-05 0.716666666666667
0.5 0.0001220703125 0.743333333333333
0.5 0.00048828125 0.823333333333333
0.5 0.001953125 0.921666666666667
0.5 0.0078125 0.918333333333333
0.5 0.03125 0.646666666666667
0.5 0.125 0.561666666666667
0.5 0.5 0.571666666666667
0.5 2 0.665
0.5 8 0.378333333333333
2 3.0517578125E-05 0.73
2 0.0001220703125 0.75
2 0.00048828125 0.891666666666667
2 0.001953125 0.958333333333333
2 0.0078125 0.95
2 0.03125 0.823333333333333
2 0.125 0.655
2 0.5 0.53
2 2 0.536666666666667
2 8 0.441666666666667
8 3.0517578125E-05 0.733333333333333
8 0.0001220703125 0.848333333333333
8 0.00048828125 0.935
8 0.001953125 0.961666666666667
8 0.0078125 0.963333333333333
8 0.03125 0.82
8 0.125 0.655
8 0.5 0.533333333333333
8 2 0.495
8 8 0.456666666666667
32 3.0517578125E-05 0.84
32 0.0001220703125 0.905
32 0.00048828125 0.953333333333333
32 0.001953125 0.971666666666667
32 0.0078125 0.958333333333333
32 0.03125 0.825
32 0.125 0.64
32 0.5 0.538333333333333
32 2 0.505
32 8 0.455
128 3.0517578125E-05 0.898333333333333
128 0.0001220703125 0.915
128 0.00048828125 0.946666666666667
128 0.001953125 0.98
128 0.0078125 0.975
128 0.03125 0.821666666666667
128 0.125 0.663333333333333
128 0.5 0.53
128 2 0.511666666666667
128 8 0.461666666666667
512 3.0517578125E-05 0.903333333333333
512 0.0001220703125 0.928333333333333
512 0.00048828125 0.965
512 0.001953125 0.971666666666667
512 0.0078125 0.975
512 0.03125 0.826666666666667
512 0.125 0.643333333333333
512 0.5 0.531666666666667
512 2 0.533333333333333
512 8 0.455
2048 3.0517578125E-05 0.895
2048 0.0001220703125 0.935
2048 0.00048828125 0.96
2048 0.001953125 0.971666666666667
2048 0.0078125 0.966666666666667
2048 0.03125 0.821666666666667
2048 0.125 0.658333333333333
2048 0.5 0.526666666666667
2048 2 0.516666666666667
2048 8 0.456666666666667
8192 3.0517578125E-05 0.916666666666667
8192 0.0001220703125 0.941666666666667
8192 0.00048828125 0.956666666666667
8192 0.001953125 0.981666666666667
8192 0.0078125 0.975
8192 0.03125 0.836666666666667
8192 0.125 0.66
8192 0.5 0.528333333333333
8192 2 0.521666666666667
8192 8 0.465
32768 3.0517578125E-05 0.9
32768 0.0001220703125 0.933333333333333
32768 0.00048828125 0.966666666666667
32768 0.001953125 0.975
32768 0.0078125 0.965
32768 0.03125 0.823333333333333
32768 0.125 0.646666666666667
32768 0.5 0.533333333333333
32768 2 0.513333333333333
32768 8 0.448333333333333
