0.03125 3.0517578125E-05 1
0.03125 0.0001220703125 1
0.03125 0.00048828125 1
0.03125 0.001953125 1
0.03125 0.0078125 1
0.03125 0.03125 1
0.03125 0.125 1
0.03125 0.5 1
0.03125 2 1
0.03125 8 1
0.125 3.0517578125E-05 1
0.125 0.0001220703125 1
0.125 0.00048828125 1
0.125 0.001953125 1
0.125 0.0078125 1
0.125 0.03125 1
0.125 0.125 1
0.125 0.5 1
0.125 2 1
0.125 8 1
0.5 3.0517578125E-05 1
0.5 0.0001220703125 1
0.5 0.00048828125 1
0.5 0.001953125 1
0.5 0.0078125 1
0.5 0.03125 1
0.5 0.125 1
0.5 0.5 1
0.5 2 1
0.5 8 1
2 3.0517578125E-05 1
2 0.0001220703125 1
2 0.00048828125 1
2 0.001953125 1
2 0.0078125 1
2 0.03125 1
2 0.125 1
2 0.5 1
2 2 1
2 8 1
8 3.0517578125E-05 1
8 0.0001220703125 1
8 0.00048828125 1
8 0.001953125 1
8 0.0078125 1
8 0.03125 1
8 0.125 1
8 0.5 1
8 2 1
8 8 1
32 3.0517578125E-05 1
32 0.0001220703125 1
32 0.00048828125 1
32 0.001953125 1
32 0.0078125 1
32 0.03125 1
32 0.125 1
32 0.5 1
32 2 1
32 8 1
128 3.0517578125E-05 1
128 0.0001220703125 1
128 0.00048828125 1
128 0.001953125 1
128 0.0078125 1
128 0.03125 1
128 0.125 1
128 0.5 1
128 2 1
128 8 1
512 3.0517578125E-05 1
512 0.0001220703125 1
512 0.00048828125 1
512 0.001953125 1
512 0.0078125 1
512 0.03125 1
512 0.125 1
512 0.5 1
512 2 1
512 8 1
2048 3.0517578125E-05 1
2048 0.0001220703125 1
2048 0.00048828125 1
2048 0.001953125 1
2048 0.0078125 1
2048 0.03125 1
2048 0.125 1
2048 0.5 1
2048 2 1
2048 8 1
8192 3.0517578125E-05 1
8192 0.0001220703125 1
8192 0.00048828125 1
8192 0.001953125 1
8192 0.0078125 1
8192 0.03125 1
8192 0.125 1
8192 0.5 1
8192 2 1
8192 8 1
32768 3.0517578125E-05 1
32768 0.0001220703125 1
32768 0.00048828125 1
32768 0.001953125 1
32768 0.0078125 1
32768 0.03125 1
32768 0.125 1
32768 0.5 1
32768 2 1
32768 8 1
