0.03125 3.0517578125E-05 0.749333333333333
0.03125 0.0001220703125 0.746666666666667
0.03125 0.00048828125 0.761333333333333
0.03125 0.001953125 0.76
0.03125 0.0078125 0.777333333333333
0.03125 0.03125 0.870666666666667
0.03125 0.125 0.948
0.03125 0.5 0.809333333333333
0.03125 2 0.58
0.03125 8 0.497333333333333
0.125 3.0517578125E-05 0.746666666666667
0.125 0.0001220703125 0.76
0.125 0.00048828125 0.757333333333333
0.125 0.001953125 0.761333333333333
0.125 0.0078125 0.796
0.125 0.03125 0.874666666666667
0.125 0.125 0.950666666666667
0.125 0.5 0.812
0.125 2 0.578666666666667
0.125 8 0.516
0.5 3.0517578125E-05 0.74
0.5 0.0001220703125 0.748
0.5 0.00048828125 0.76
0.5 0.001953125 0.752
0.5 0.0078125 0.797333333333333
0.5 0.03125 0.885333333333333
0.5 0.125 0.968
0.5 0.5 0.842666666666667
0.5 2 0.581333333333333
0.5 8 0.554666666666667
2 3.0517578125E-05 0.770666666666667
2 0.0001220703125 0.736
2 0.00048828125 0.746666666666667
2 0.001953125 0.746666666666667
2 0.0078125 0.809333333333333
2 0.03125 0.953333333333333
2 0.125 0.968
2 0.5 0.945333333333333
2 2 0.764
2 8 0.6
8 3.0517578125E-05 0.764
8 0.0001220703125 0.753333333333333
8 0.00048828125 0.773333333333333
8 0.001953125 0.794666666666667
8 0.0078125 0.937333333333333
8 0.03125 0.954666666666667
8 0.125 0.984
8 0.5 0.944
8 2 0.758666666666667
8 8 0.601333333333333
32 3.0517578125E-05 0.752
32 0.0001220703125 0.764
32 0.00048828125 0.768
32 0.001953125 0.916
32 0.0078125 0.946666666666667
32 0.03125 0.974666666666667
32 0.125 0.985333333333333
32 0.5 0.945333333333333
32 2 0.777333333333333
32 8 0.596
128 3.0517578125E-05 0.734666666666667
128 0.0001220703125 0.769333333333333
128 0.00048828125 0.896
128 0.001953125 0.930666666666667
128 0.0078125 0.952
128 0.03125 0.98
128 0.125 0.98
128 0.5 0.946666666666667
128 2 0.772
128 8 0.608
512 3.0517578125E-05 0.776
512 0.0001220703125 0.9
512 0.00048828125 0.922666666666667
512 0.001953125 0.925333333333333
512 0.0078125 0.949333333333333
512 0.03125 0.977333333333333
512 0.125 0.985333333333333
512 0.5 0.942666666666667
512 2 0.769333333333333
512 8 0.612
2048 3.0517578125E-05 0.896
2048 0.0001220703125 0.92
2048 0.00048828125 0.913333333333333
2048 0.001953125 0.933333333333333
2048 0.0078125 0.958666666666667
2048 0.03125 0.981333333333333
2048 0.125 0.982666666666667
2048 0.5 0.949333333333333
2048 2 0.768
2048 8 0.610666666666667
8192 3.0517578125E-05 0.916
8192 0.0001220703125 0.917333333333333
8192 0.00048828125 0.917333333333333
8192 0.001953125 0.924
8192 0.0078125 0.956
8192 0.03125 0.973333333333333
8192 0.125 0.989333333333333
8192 0.5 0.944
8192 2 0.752
8192 8 0.601333333333333
32768 3.0517578125E-05 0.910666666666667
32768 0.0001220703125 0.910666666666667
32768 0.00048828125 0.916
32768 0.001953125 0.933333333333333
32768 0.0078125 0.958666666666667
32768 0.03125 0.976
32768 0.125 0.984
32768 0.5 0.941333333333333
32768 2 0.770666666666667
32768 8 0.604
