0.03125 3.0517578125E-05 0.65
0.03125 0.0001220703125 0.65
0.03125 0.00048828125 0.64
0.03125 0.001953125 0.665
0.03125 0.0078125 0.655
0.03125 0.03125 0.665
0.03125 0.125 0.69
0.03125 0.5 0.625
0.03125 2 0.41
0.03125 8 0.3
0.125 3.0517578125E-05 0.65
0.125 0.0001220703125 0.66
0.125 0.00048828125 0.665
0.125 0.001953125 0.635
0.125 0.0078125 0.65
0.125 0.03125 0.65
0.125 0.125 0.69
0.125 0.5 0.63
0.125 2 0.445
0.125 8 0.295
0.5 3.0517578125E-05 0.63
0.5 0.0001220703125 0.65
0.5 0.00048828125 0.645
0.5 0.001953125 0.64
0.5 0.0078125 0.66
0.5 0.03125 0.65
0.5 0.125 0.785
0.5 0.5 0.82
0.5 2 0.675
0.5 8 0.61
2 3.0517578125E-05 0.665
2 0.0001220703125 0.63
2 0.00048828125 0.615
2 0.001953125 0.64
2 0.0078125 0.645
2 0.03125 0.775
2 0.125 0.885
2 0.5 0.915
2 2 0.81
2 8 0.655
8 3.0517578125E-05 0.65
8 0.0001220703125 0.655
8 0.00048828125 0.65
8 0.001953125 0.635
8 0.0078125 0.78
8 0.03125 0.88
8 0.125 0.94
8 0.5 0.965
8 2 0.82
8 8 0.635
32 3.0517578125E-05 0.65
32 0.0001220703125 0.655
32 0.00048828125 0.64
32 0.001953125 0.78
32 0.0078125 0.87
32 0.03125 0.92
32 0.125 0.97
32 0.5 0.975
32 2 0.825
32 8 0.66
128 3.0517578125E-05 0.645
128 0.0001220703125 0.65
128 0.00048828125 0.775
128 0.001953125 0.845
128 0.0078125 0.905
128 0.03125 0.96
128 0.125 0.975
128 0.5 0.955
128 2 0.8
128 8 0.62
512 3.0517578125E-05 0.65
512 0.0001220703125 0.775
512 0.00048828125 0.85
512 0.001953125 0.86
512 0.0078125 0.94
512 0.03125 0.96
512 0.125 0.965
512 0.5 0.97
512 2 0.835
512 8 0.665
2048 3.0517578125E-05 0.785
2048 0.0001220703125 0.855
2048 0.00048828125 0.88
2048 0.001953125 0.925
2048 0.0078125 0.92
2048 0.03125 0.965
2048 0.125 0.98
2048 0.5 0.975
2048 2 0.82
2048 8 0.65
8192 3.0517578125E-05 0.845
8192 0.0001220703125 0.875
8192 0.00048828125 0.91
8192 0.001953125 0.905
8192 0.0078125 0.915
8192 0.03125 0.97
8192 0.125 0.975
8192 0.5 0.965
8192 2 0.83
8192 8 0.665
32768 3.0517578125E-05 0.885
32768 0.0001220703125 0.915
32768 0.00048828125 0.92
32768 0.001953125 0.925
32768 0.0078125 0.945
32768 0.03125 0.965
32768 0.125 0.97
32768 0.5 0.97
32768 2 0.81
32768 8 0.64
